120
172
163
109
88
85
119
77
146
162
191
162
181
139
135
89
163
128
186
150
183
108
157
140
144
188
208
212
209
202
172
103
81
146
221
198
163
116
150
99
79
165
151
196
108
230
129
99
180
236
226
206
225
192
193
191
67
193
210
143
120
186
209
74
86
180
209
204
158
197
157
63
216
136
199
182
139
216
172
112
34
47
90
138
178
100
84
75
59
100
133
163
173
131
136
94
135
126
123
125
161
191
129
119
193
159
150
182
228
191
186
221
199
149
99
69
39
49
140
130
150
109
190
145
85
64
96
122
185
112
185
178
125
141
72
210
167
202
176
127
179
163
136
218
34
36
29
20
21
25
0
16
1
0
0
0
31
25
57
74
54
39
53
32
67
69
34
223
203
169
126
104
51
221
206
182
164
123
98
61
218
198
179
163
124
97
52
218
195
177
157
119
92
61
221
201
179
160
117
101
56
221
199
179
162
131
107
74
219
202
181
163
123
101
57
220
201
183
166
113
93
57
223
204
186
167
125
104
67
223
207
187
167
127
84
58
226
206
184
171
132
107
60
221
202
183
168
123
105
76
222
200
178
162
120
94
76
224
202
184
166
118
97
74
222
200
181
165
126
101
83
222
201
180
165
134
110
89
223
206
185
171
147
127
102
222
202
186
175
151
130
107
223
209
193
183
159
141
114
225
210
193
180
155
136
106
223
205
187
174
131
115
88
226
209
190
174
132
110
87
228
210
193
179
144
115
82
222
207
190
176
136
104
92
225
206
187
173
135
108
68
227
209
191
176
135
108
86
227
210
191
172
131
109
81
224
213
194
168
139
114
86
222
202
183
168
129
112
103
229
211
195
179
131
100
76
224
205
187
172
145
116
60
227
208
190
175
147
116
94
223
203
184
169
125
98
70
225
209
190
175
126
100
59
223
201
185
170
124
110
58
226
208
193
180
134
110
92
228
216
193
173
134
107
45
221
201
179
163
113
90
68
220
201
181
167
120
92
66
221
202
185
170
122
94
55
226
207
184
144
107
92
63
224
206
182
149
110
89
50
220
213
190
158
110
82
50
226
211
184
149
97
75
57
223
212
190
139
96
70
57
221
207
183
144
110
85
51
225
209
182
144
107
89
54
223
206
185
150
97
67
58
224
212
187
156
125
104
76
227
209
188
159
128
107
90
223
208
183
155
135
112
100
227
212
195
159
147
124
112
232
220
207
182
162
143
122
229
218
201
184
161
143
129
232
224
206
181
167
153
135
236
224
206
180
163
151
127
228
218
200
171
157
135
121
227
213
193
172
163
133
127
226
209
188
161
141
124
107
228
216
199
174
149
136
97
235
224
205
177
153
116
99
232
224
208
183
150
122
101
232
227
211
184
146
119
89
232
223
205
173
130
98
91
230
218
197
180
141
117
81
228
215
196
178
132
108
87
230
219
204
183
149
122
82
226
210
191
164
138
114
75
231
215
204
175
134
103
81
234
219
197
177
148
120
95
233
222
209
179
149
116
83
231
219
202
173
145
116
88
231
217
199
174
134
97
63
232
215
200
178
140
111
83
229
216
197
166
136
105
66
229
215
199
166
137
103
70
226
213
198
166
125
100
69
226
216
194
160
124
99
58
229
214
192
154
119
92
53
232
218
198
163
106
89
51
229
209
191
154
124
86
48
226
212
191
152
122
83
61
228
212
192
147
125
67
42
224
210
188
147
119
71
53
223
213
194
148
104
73
49
222
199
180
146
108
74
51
220
205
176
150
120
67
56
224
210
185
152
125
100
83
226
211
195
154
122
94
73
227
209
192
152
127
99
84
226
213
195
160
129
104
98
224
214
202
177
154
124
114
229
216
205
182
160
141
122
227
215
204
187
166
145
133
229
220
211
190
176
158
134
227
218
209
197
180
159
148
232
226
246
209
196
183
162
230
228
225
210
195
183
161
233
229
221
203
185
168
145
235
230
222
203
184
173
161
236
231
223
208
187
161
147
239
233
221
202
182
158
132
239
229
211
193
173
144
130
236
226
211
188
167
135
118
237
229
213
197
175
135
103
236
228
213
197
171
137
95
236
227
217
194
173
139
104
236
227
212
187
164
137
107
237
231
213
184
168
139
106
234
229
219
191
167
131
110
233
225
208
191
162
125
106
233
227
210
181
159
127
103
231
222
206
177
155
123
86
229
221
210
175
152
117
86
228
222
212
178
155
114
70
229
217
203
176
149
112
63
226
220
208
175
148
110
62
230
216
202
178
139
101
63
229
219
198
173
135
99
70
231
218
198
162
131
90
54
70
55
45
62
198
185
154
121
200
166
134
104
196
162
121
94
202
154
115
56
73
36
52
52
47
47
38
57
34
51
68
34
191
155
117
78
210
190
145
100
86
75
73
84
86
111
116
136
202
181
166
146
140
138
153
160
225
206
192
178
229
223
212
208
180
192
205
210
235
226
220
214
235
218
194
180
221
206
194
182
204
195
190
169
144
144
135
115
234
221
196
171
232
220
196
169
230
217
192
157
154
140
139
113
227
208
161
133
220
200
170
117
214
191
155
138
215
192
139
101
207
180
130
116
93
86
72
75
201
167
126
71
211
174
131
113
203
169
128
74
78
80
79
72
55
49
46
50
51
54
58
234
235
234
232
225
235
237
240
236
235
228
224
222
234
228
222
202
184
169
140
116
72
218
199
180
164
124
101
76
223
205
184
164
125
107
77
223
201
179
164
124
100
72
224
200
184
163
124
101
80
225
203
183
169
128
93
81
224
204
183
169
127
103
78
224
205
187
167
130
101
69
224
203
182
167
132
103
72
223
202
184
168
127
96
62
238
232
240
240
241
241
239
233
230
227
233
226
236
230
237
231
237
233
235
239
237
239
242
241
242
241
241
238
242
242
241
240
235
238
234
233
229
224
235
226
236
230
156
142
152
147
93
184
165
141
115
72
192
182
150
117
97
214
206
179
153
82
149
133
98
187
119
211
192
180
200
180
209
193
177
165
144
181
211
167
170
153
207
193
176
158
94
164
191
172
158
130
236
219
216
225
212
231
233
232
230
222
233
240
232
224
208
238
210
218
208
217
225
216
219
217
209
159
70
66
93
80
165
67
64
64
63
64
77
60
78
64
69
66
71
66
71
211
174
94
77
66
179
92
151
113
82
147
113
171
144
121
157
147
176
128
88
175
124
107
126
89
185
110
77
115
85
226
224
216
112
62
218
207
161
205
159
226
223
187
166
161
191
156
174
173
85
217
212
207
193
170
204
176
210
206
162
224
200
184
170
156
213
205
185
152
114
221
201
185
149
148
206
193
154
99
69
224
186
219
176
153
247
192
225
216
192
220
199
206
187
171
201
188
171
175
160
199
179
199
160
116
111
124
106
181
112
185
126
156
116
109
208
200
178
164
135
198
178
143
197
164
209
211
198
153
137
155
180
161
128
96
151
190
165
124
101
167
133
196
157
122
173
166
134
145
94
159
193
155
85
77

