108
158
148
110
88
78
87
56
94
128
158
109
145
103
115
79
156
125
185
150
183
109
145
119
133
174
184
176
182
134
172
114
74
128
195
165
148
99
120
80
69
126
98
138
70
207
124
112
162
221
195
197
213
182
187
171
52
176
196
119
119
184
203
79
68
160
159
198
132
185
158
68
136
160
194
180
134
156
153
121
33
42
61
112
158
73
64
63
57
97
121
128
121
79
100
75
64
123
130
104
148
166
99
75
167
126
124
150
204
114
186
192
143
120
81
57
33
30
127
103
116
80
177
123
72
56
95
121
179
92
150
126
93
122
59
154
104
180
151
93
161
176
155
145
52
61
48
31
34
34
26
28
13
0
0
0
33
27
40
51
41
29
43
26
48
39
29
219
200
166
121
100
46
217
204
180
161
119
95
61
215
196
178
163
126
99
51
214
190
171
153
120
94
63
215
194
173
154
108
94
51
214
191
171
154
124
100
65
212
193
170
151
108
86
43
212
190
169
152
98
80
47
213
190
169
149
106
84
51
214
196
172
149
109
66
45
217
196
172
158
121
98
50
212
189
168
151
102
87
61
212
185
160
143
98
72
58
212
185
162
141
85
65
42
208
180
156
139
99
75
62
206
176
152
135
101
75
60
204
173
147
130
101
84
58
199
168
146
134
104
91
73
201
172
146
133
100
84
61
201
176
151
137
115
97
65
207
178
156
140
103
85
60
213
188
165
150
109
89
62
212
186
163
146
116
89
60
210
187
167
151
118
86
75
216
192
170
156
117
89
57
210
189
168
151
105
78
60
220
197
178
158
114
94
70
216
199
180
148
121
98
73
214
193
172
156
116
101
92
222
202
185
168
121
90
66
218
198
180
164
139
110
55
224
209
193
179
149
119
97
223
207
191
177
135
109
86
224
210
191
177
130
104
67
225
209
199
186
139
130
76
225
210
196
184
144
121
100
226
216
196
177
141
115
46
221
204
183
169
122
99
83
220
205
185
172
126
100
71
218
201
185
171
127
100
62
226
213
193
157
123
111
84
222
210
190
161
123
105
78
220
213
193
162
118
94
61
222
208
181
147
101
80
66
220
211
189
140
102
80
65
215
203
177
137
104
77
52
215
195
167
126
94
77
46
213
193
166
130
83
52
43
210
192
163
126
91
74
50
211
186
155
122
90
69
54
202
180
147
111
87
62
55
209
182
154
103
92
68
57
210
185
149
115
91
68
53
202
176
140
108
84
59
53
212
186
148
107
87
66
49
221
193
157
119
91
84
61
197
175
139
88
76
48
52
197
165
129
94
84
60
57
198
166
133
97
73
57
64
202
176
145
104
81
76
41
214
191
156
122
93
59
48
208
190
168
133
94
69
56
218
204
178
141
98
80
66
219
199
171
129
88
59
64
215
198
169
150
106
83
53
218
203
181
160
110
86
67
221
208
191
169
130
106
72
218
202
180
155
129
106
70
227
213
202
173
133
103
82
232
218
200
181
155
128
107
230
225
216
193
166
137
112
231
225
213
190
165
142
121
233
226
218
199
164
130
96
232
224
212
197
164
143
116
228
222
213
190
166
134
106
230
226
218
196
172
140
113
228
220
211
185
155
132
109
229
222
206
179
148
124
90
229
220
202
171
144
120
89
230
224
211
183
134
118
85
230
218
207
174
149
112
82
228
221
207
177
148
108
88
229
218
202
161
140
97
77
224
215
200
162
135
92
76
222
215
197
156
111
78
56
220
196
178
143
109
73
49
215
197
167
136
108
64
48
215
195
166
128
106
83
64
214
195
171
128
95
66
45
215
189
161
110
85
56
57
210
191
162
108
80
52
58
205
179
158
119
93
57
58
206
178
155
122
94
76
52
203
174
147
122
93
72
59
202
176
153
122
95
75
45
200
168
140
117
90
47
39
206
175
216
117
87
62
37
188
177
161
112
80
62
39
188
174
141
91
64
19
0
195
171
135
96
69
38
38
198
177
140
94
64
17
2
203
179
142
116
87
68
48
210
185
142
106
82
48
42
215
196
169
131
106
73
62
213
203
174
135
111
74
66
217
203
178
154
123
87
56
222
211
193
163
132
95
72
228
220
202
172
147
122
85
233
226
206
177
160
132
102
233
231
223
200
179
144
127
235
230
217
206
181
147
132
234
234
223
203
187
157
138
234
233
224
206
190
165
133
232
234
233
216
200
172
139
232
234
232
215
196
165
116
231
230
223
210
193
161
120
232
230
228
213
197
166
112
233
229
224
213
185
151
110
232
230
222
209
184
151
120
232
229
219
195
167
127
94
127
103
90
96
218
212
197
173
214
196
167
144
209
185
151
127
210
171
132
78
101
63
79
58
43
54
46
48
47
51
61
48
184
146
105
64
200
178
128
75
51
47
32
41
32
56
49
38
147
97
62
31
30
39
0
0
159
105
72
34
165
119
69
0
0
0
0
0
146
87
49
0
171
107
35
0
139
87
42
17
0
16
43
56
35
67
84
71
196
156
110
59
205
173
133
80
224
209
182
153
165
142
157
135
229
215
171
154
230
219
193
139
234
228
203
190
233
228
203
171
229
219
187
175
146
155
137
137
225
209
180
128
226
209
180
166
222
207
176
127
131
132
133
126
60
54
47
50
56
57
58
234
230
225
221
217
229
231
236
232
225
217
211
208
220
216
216
194
174
159
133
110
65
211
190
170
155
112
89
61
216
194
171
151
108
91
57
212
184
161
145
105
83
54
211
187
170
148
111
91
73
214
189
166
151
112
77
66
218
197
176
161
119
96
75
220
201
182
162
127
98
67
221
203
183
168
134
106
77
220
200
183
167
128
99
65
232
221
230
229
227
222
219
232
229
226
227
220
227
220
225
215
221
213
210
219
213
209
217
207
216
206
226
219
229
238
237
238
236
240
239
239
238
236
239
235
238
238
141
126
141
135
88
167
147
124
100
63
177
165
131
104
85
201
190
158
133
68
126
108
75
171
103
193
171
158
179
158
193
173
154
141
124
156
187
140
142
124
191
174
155
133
78
145
175
151
136
109
227
205
199
210
193
210
215
216
210
196
205
226
215
204
189
228
196
204
188
208
208
196
197
192
184
175
79
73
97
81
149
64
69
66
62
65
75
65
70
59
60
63
66
61
71
197
155
81
656
62
190
109
163
125
90
170
135
186
162
142
164
156
181
139
96
177
129
113
135
99
179
107
78
122
89
219
215
208
114
64
210
198
146
198
151
219
211
172
150
150
182
147
168
159
78
213
205
202
188
164
197
175
205
199
155
223
198
181
169
154
211
207
186
157
121
217
199
183
146
148
201
189
150
100
64
198
140
190
133
116
227
137
197
182
141
184
162
177
159
142
162
145
130
137
126
168
143
162
115
78
90
99
76
155
90
157
91
119
75
76
190
181
155
139
112
169
145
109
176
135
179
181
172
124
108
117
149
132
96
85
120
154
124
95
72
135
110
174
134
101
157
138
122
127
82
147
164
135
76
70

