149
189
199
155
108
140
173
142
192
192
204
193
173
142
109
70
138
98
160
117
195
128
163
152
207
234
235
235
203
236
154
87
154
193
237
217
173
126
194
167
63
170
172
230
148
240
108
76
184
239
242
202
232
201
194
214
164
243
203
87
173
199
171
0
72
171
237
192
205
223
190
99
222
168
141
220
139
237
202
209
73
101
152
175
195
126
110
93
48
69
114
148
198
159
146
84
186
140
116
137
163
203
153
150
171
162
166
209
236
232
181
231
223
173
127
108
67
123
151
146
166
121
192
152
85
49
91
121
183
112
174
213
191
155
99
232
216
221
177
129
146
139
87
245
96
124
141
135
128
113
181
157
0152
172
148
135
145
126
142
154
80
61
63
44
66
76
18
225
208
174
134
111
64
229
214
193
177
137
111
79
226
210
193
179
140
116
80
228
213
201
184
146
121
96
229
215
197
182
144
127
92
228
210
192
175
143
120
90
230
216
199
185
151
130
90
232
219
208
196
159
137
94
234
223
210
195
160
139
104
231
217
204
187
152
113
81
230
213
194
181
145
119
79
228
211
196
181
144
124
93
231
213
196
181
144
121
103
232
218
203
190
149
129
104
229
215
201
187
148
124
101
231
215
198
186
158
136
111
235
227
214
203
185
165
140
231
217
204
195
177
158
137
234
226
218
208
191
173
144
232
222
207
195
171
153
125
232
217
203
191
148
133
110
233
217
200
186
144
121
101
232
218
203
191
154
125
92
222
208
192
177
138
105
94
226
208
190
175
140
113
67
224
205
186
170
126
100
79
228
209
189
169
123
100
77
220
208
189
157
122
97
70
221
201
181
166
128
111
101
229
205
189
172
124
95
71
216
194
171
155
126
97
52
218
194
172
155
125
96
76
217
188
166
151
100
75
43
223
205
185
168
117
90
41
220
193
172
156
6
98
48
222
202
186
173
125
100
84
227
213
191
168
128
101
45
222
203
182
167
118
94
74
224
208
190
177
137
108
79
226
208
190
175
126
97
59
233
221
206
176
143
130
98
236
226
212
188
162
146
112
235
234
220
201
162
138
102
240
237
222
197
158
136
118
240
238
233
211
180
154
138
239
237
229
208
187
165
145
240
237
228
207
184
164
125
239
235
227
208
173
145
134
237
237
229
218
195
177
155
240
235
230
222
199
182
163
237
236
225
213
196
180
166
240
237
231
214
205
186
175
242
242
239
228
213
196
179
240
240
234
227
211
197
181
242
241
234
218
209
200
183
239
237
230
212
201
188
162
236
230
221
199
184
164
152
231
224
205
188
177
151
145
230
219
199
174
156
137
120
232
219
203
180
152
138
97
236
224
201
173
147
110
92
228
218
197
169
133
106
85
227
216
195
161
118
94
68
224
204
177
137
91
62
61
222
198
169
150
104
79
29
216
198
169
144
94
75
59
215
195
171
147
105
82
46
215
190
164
127
96
75
25
224
196
180
142
84
49
0
215
192
159
126
97
65
10
225
201
179
137
98
48
0
218
199
176
135
98
60
9
221
197
173
140
92
48
17
226
200
182
154
112
77
43
226
208
181
144
112
86
42
226
205
182
147
114
82
47
224
205
190
157
112
87
62
227
216
191
157
122
97
62
232
220
200
164
131
103
64
235
227
212
180
126
107
70
242
237
231
208
189
152
128
242
240
236
221
200
165
137
242
244
242
231
217
182
160
243
244
243
240
226
194
171
242
244
244
241
219
192
162
242
244
243
241
221
186
169
243
244
242
242
221
182
165
243
243
243
234
220
203
185
243
240
244
230
224
201
182
243
244
244
229
218
199
180
243
244
243
233
216
199
189
243
244
245
243
232
202
197
243
244
245
241
233
224
212
242
244
245
239
229
216
211
243
244
245
239
235
224
211
242
244
245
242
232
222
216
242
244
66
248
245
238
225
243
243
244
242
236
229
210
244
243
243
233
221
209
192
243
242
243
229
213
204
192
241
235
225
211
189
163
146
241
231
213
191
174
148
127
232
218
192
168
142
113
98
226
208
183
150
125
92
80
230
215
190
150
124
75
48
224
202
171
137
99
66
33
223
207
183
131
83
42
0
215
192
161
113
84
56
0
220
195
162
118
98
62
0
215
196
170
117
74
17
0
210
198
170
131
86
41
0
222
201
170
121
72
36
0
212
184
149
98
47
0
0
215
187
167
106
67
22
0
216
198
180
133
102
57
30
225
207
188
157
125
88
36
225
218
202
172
145
107
65
235
226
212
193
156
117
82
236
226
214
197
167
132
104
240
231
221
199
172
129
96
189
156
153
178
237
235
225
215
241
232
226
213
241
235
225
211
243
241
233
211
206
171
177
183
181
187
173
215
198
202
196
179
243
242
233
221
244
244
241
228
221
196
214
198
220
229
232
239
244
245
244
241
237
240
242
243
244
247
248
248
243
246
249
252
246
250
252
252
243
249
247
247
242
232
214
196
223
209
189
169
167
142
126
98
48
49
24
0
210
172
131
83
200
159
120
69
185
137
81
25
31
0
0
0
184
132
22
0
175
122
49
0
172
120
47
0
181
137
25
0
191
152
94
89
0
0
2
46
198
164
122
66
230
206
172
159
234
217
190
153
117
126
107
86
59
52
48
51
47
50
54
232
240
239
238
229
238
238
239
233
238
231
230
227
238
232
226
205
188
172
145
120
78
224
205
186
171
134
111
88
228
210
191
173
136
116
89
228
209
191
177
137
113
85
230
206
191
170
130
106
83
226
207
189
174
134
101
87
224
200
179
163
124
99
74
222
204
185
164
128
99
68
222
200
177
161
127
98
68
227
208
189
175
133
102
69
243
238
245
244
247
247
247
247
247
248
248
249
247
249
247
249
247
248
248
247
248
247
247
248
247
247
239
235
235
230
226
231
218
230
221
230
225
219
235
228
241
238
173
161
165
159
102
197
180
157
133
90
205
198
168
131
111
224
220
201
177
108
174
161
127
203
141
223
208
197
215
196
220
207
193
184
163
203
227
194
194
177
217
203
188
173
108
177
204
187
174
148
239
231
231
235
226
243
244
242
242
244
244
246
238
233
220
242
219
227
221
223
236
231
235
231
223
198
94
119
132
100
215
135
129
116
113
138
163
167
184
184
127
123
121
111
102
226
209
151
151
147
161
77
131
94
69
105
70
137
96
68
127
107
157
92
76
162
101
71
105
66
177
103
60
101
75
230
229
222
121
73
224
215
173
212
170
230
228
194
175
168
197
162
179
179
88
218
215
208
194
170
203
172
209
206
162
222
198
184
166
152
210
201
180
145
106
221
202
186
149
149
209
196
157
99
73
241
234
237
218
191
68
234
243
239
228
247
231
225
211
195
226
220
204
203
192
219
204
217
190
147
174
178
172
212
154
230
199
212
181
166
229
222
203
193
171
219
211
187
217
199
236
236
221
183
172
159
186
164
132
91
167
200
178
132
109
178
144
205
166
130
169
144
135
153
101
164
190
156
81
67
