149 120 108
189 172 158
199 163 148
155 109 110
108 88 88
140 85 78
173 119 87
142 77 56
192 146 94
192 162 128
204 191 158
193 162 109
173 181 145
142 139 103
109 135 115
70 89 79
138 163 156
98 128 125
160 186 185
117 150 150
195 183 183
128 108 109
163 157 145
152 140 119
207 144 133
234 188 174
235 208 184
235 212 176
203 209 182
236 202 134
154 172 172
87 103 114
154 81 74
193 146 128
237 221 195
217 198 165
173 163 148
126 116 99
194 150 120
167 99 80
63 79 69
170 165 126
172 151 98
230 196 138
148 108 70
240 230 207
108 129 124
76 99 112
184 180 162
239 236 221
242 226 195
202 206 197
232 225 213
201 192 182
194 193 187
214 191 171
164 67 52
243 193 176
203 210 196
87 143 119
173 120 119
199 186 184
171 209 203
0 74 79
72 86 68
171 180 160
237 209 159
192 204 198
205 158 132
223 197 185
190 157 158
99 63 68
222 216 136
168 136 160
141 199 194
220 182 180
139 139 134
237 216 156
202 172 153
209 112 121
73 34 33
101 47 42
152 90 61
175 138 112
195 178 158
126 100 73
110 84 64
93 75 63
48 59 57
69 100 97
114 133 121
148 163 128
198 173 121
159 131 79
146 136 100
84 94 75
186 135 64
140 126 123
116 123 130
137 125 104
163 161 148
203 191 166
153 129 99
150 119 75
171 193 167
162 159 126
166 150 124
209 182 150
236 228 204
232 191 114
181 186 186
231 221 192
223 199 143
173 149 120
127 99 81
108 69 57
67 39 33
123 49 30
151 140 127
146 130 103
166 150 116
121 109 80
192 190 177
152 145 123
85 85 72
49 64 56
91 96 95
121 122 121
183 185 179
112 112 92
174 185 150
213 178 126
191 125 93
155 141 122
99 72 59
232 210 154
216 167 104
221 202 180
177 176 151
129 127 93
146 179 161
139 163 176
87 136 155
245 218 145
96 34 52
124 36 61
141 29 48
135 20 31
128 21 34
113 25 34
181 0 26
157 16 28
0152 1 13
172 0 0
148 0 0
135 0 0
145 31 33
126 25 27
142 57 40
154 74 51
80 54 41
61 39 29
63 53 43
44 32 26
66 67 48
76 69 39
18 34 29
225 223 219
208 203 200
174 169 166
134 126 121
111 104 100
64 51 46
229 221 217
214 206 204
193 182 180
177 164 161
137 123 119
111 98 95
79 61 61
226 218 215
210 198 196
193 179 178
179 163 163
140 124 126
116 97 99
80 52 51
228 218 214
213 195 190
201 177 171
184 157 153
146 119 120
121 92 94
96 61 63
229 221 215
215 201 194
197 179 173
182 160 154
144 117 108
127 101 94
92 56 51
228 221 214
210 199 191
192 179 171
175 162 154
143 131 124
120 107 100
90 74 65
230 219 212
216 202 193
199 181 170
185 163 151
151 123 108
130 101 86
90 57 43
232 220 212
219 201 190
208 183 169
196 166 152
159 113 98
137 93 80
94 57 47
234 223 213
223 204 190
210 186 169
195 167 149
160 125 106
139 104 84
104 67 51
231 223 214
217 207 196
204 187 172
187 167 149
152 127 109
113 84 66
81 58 45
230 226 217
213 206 196
194 184 172
181 171 158
145 132 121
119 107 98
79 60 50
228 221 212
211 202 189
196 183 168
181 168 151
144 123 102
124 105 87
93 76 61
231 222 212
213 200 185
196 178 160
181 162 143
144 120 98
121 94 72
103 76 58
232 224 212
218 202 185
203 184 162
190 166 141
149 118 85
129 97 65
104 74 42
229 222 208
215 200 180
201 181 156
187 165 139
148 126 99
124 101 75
101 83 62
231 222 206
215 201 176
198 180 152
186 165 135
158 134 101
136 110 75
111 89 60
235 223 204
227 206 173
214 185 147
203 171 130
185 147 101
165 127 84
140 102 58
231 222 199
217 202 168
204 186 146
195 175 134
177 151 104
158 130 91
137 107 73
234 223 201
226 209 172
218 193 146
208 183 133
191 159 100
173 141 84
144 114 61
232 225 201
222 210 176
207 193 151
195 180 137
171 155 115
153 136 97
125 106 65
232 223 207
217 205 178
203 187 156
191 174 140
148 131 103
133 115 85
110 88 60
233 226 213
217 209 188
200 190 165
186 174 150
144 132 109
121 110 89
101 87 62
232 228 212
218 210 186
203 193 163
191 179 146
154 144 116
125 115 89
92 82 60
222 222 210
208 207 187
192 190 167
177 176 151
138 136 118
105 104 86
94 92 75
226 225 216
208 206 192
190 187 170
175 173 156
140 135 117
113 108 89
67 68 57
224 227 210
205 209 189
186 191 168
170 176 151
126 135 105
100 108 78
79 86 60
228 227 220
209 210 197
189 191 178
169 172 158
123 131 114
100 109 94
77 81 70
220 224 216
208 213 199
189 194 180
157 168 148
122 139 121
97 114 98
70 86 73
221 222 214
201 202 193
181 183 172
166 168 156
128 129 116
111 112 101
101 103 92
229 229 222
205 211 202
189 195 185
172 179 168
124 131 121
95 100 90
71 76 66
216 224 218
194 205 198
171 187 180
155 172 164
126 145 139
97 116 110
52 60 55
218 227 224
194 208 209
172 190 193
155 175 179
125 147 149
96 116 119
76 94 97
217 223 223
188 203 207
166 184 191
151 169 177
100 125 135
75 98 109
43 70 86
223 225 224
205 209 210
185 190 191
168 175 177
117 126 130
90 100 104
41 59 67
220 223 225
193 201 209
172 185 199
156 170 186
6 124 139 158
98 110 130
48 58 76
222 226 225
202 208 210
186 193 196
173 180 184
125 134 144
100 110 121
84 92 100
227 228 226
213 216 216
191 193 196
168 173 177
128 134 141
101 107 115
45 45 46
222 221 221
203 201 204
182 179 183
167 163 169
118 113 122
94 90 99
74 68 83
224 220 220
208 201 205
190 181 185
177 167 172
137 120 126
108 92 100
79 66 71
226 221 218
208 202 201
190 185 185
175 170 171
126 122 127
97 94 100
59 55 62
233 226 226
221 207 213
206 184 193
176 144 157
143 107 123
130 92 111
98 63 84
236 224 222
226 206 210
212 182 190
188 149 161
162 110 123
146 89 105
112 50 78
235 220 220
234 213 213
220 190 193
201 158 162
162 110 118
138 82 94
102 50 61
240 226 222
237 211 208
222 184 181
197 149 147
158 97 101
136 75 80
118 57 66
240 223 220
238 212 211
233 190 189
211 139 140
180 96 102
154 70 80
138 57 65
239 221 215
237 207 203
229 183 177
208 144 137
187 110 104
165 85 77
145 51 52
240 225 215
237 209 195
228 182 167
207 144 126
184 107 94
164 89 77
125 54 46
239 223 213
235 206 193
227 185 166
208 150 130
173 97 83
145 67 52
134 58 43
237 224 210
237 212 192
229 187 163
218 156 126
195 125 91
177 104 74
155 76 50
240 227 211
235 209 186
230 188 155
222 159 122
199 128 90
182 107 69
163 90 54
237 223 202
236 208 180
225 183 147
213 155 111
196 135 87
180 112 62
166 100 55
240 227 209
237 212 182
231 195 154
214 159 103
205 147 92
186 124 68
175 112 57
242 232 210
242 220 185
239 207 149
228 182 115
213 162 91
196 143 68
179 122 53
240 229 202
240 218 176
234 201 140
227 184 108
211 161 84
197 143 59
181 129 53
242 232 212
241 224 186
234 206 148
218 181 107
209 167 87
200 153 66
183 135 49
239 236 221
237 224 193
230 206 157
212 180 119
201 163 91
188 151 84
162 127 61
236 228 197
230 218 175
221 200 139
199 171 88
184 157 76
164 135 48
152 121 52
231 227 197
224 213 165
205 193 129
188 172 94
177 163 84
151 133 60
145 127 57
230 226 198
219 209 166
199 188 133
174 161 97
156 141 73
137 124 57
120 107 64
232 228 202
219 216 176
203 199 145
180 174 104
152 149 81
138 136 76
97 97 41
236 235 214
224 224 191
201 205 156
173 177 122
147 153 93
110 116 59
92 99 48
228 232 208
218 224 190
197 208 168
169 183 133
133 150 94
106 122 69
85 101 56
227 232 218
216 227 204
195 211 178
161 184 141
118 146 98
94 119 80
68 89 66
224 232 219
204 223 199
177 205 171
137 173 129
91 130 88
62 98 59
61 91 64
222 230 215
198 218 198
169 197 169
150 180 150
104 141 106
79 117 83
29 81 53
216 228 218
198 215 203
169 196 181
144 178 160
94 132 110
75 108 86
59 87 67
215 230 221
195 219 208
171 204 191
147 183 169
105 149 130
82 122 106
46 82 72
215 226 218
190 210 202
164 191 180
127 164 155
96 138 129
75 114 106
25 75 70
224 231 227
196 215 213
180 204 202
142 175 173
84 134 133
49 103 103
0 81 82
215 234 232
192 219 218
159 197 200
126 177 181
97 148 155
65 120 128
10 95 107
225 233 230
201 222 225
179 209 216
137 179 193
98 149 166
48 116 137
0 83 112
218 231 231
199 219 225
176 202 213
135 173 190
98 145 165
60 116 142
9 88 121
221 231 233
197 217 226
173 199 218
140 174 199
92 134 164
48 97 130
17 63 96
226 232 232
200 215 224
182 200 212
154 178 197
112 140 164
77 111 143
43 83 116
226 229 228
208 216 222
181 197 213
144 166 190
112 136 166
86 105 134
42 66 106
226 229 230
205 215 226
182 199 218
147 166 196
114 137 172
82 103 140
47 70 113
224 226 228
205 213 220
190 198 211
157 166 185
112 125 155
87 100 132
62 69 109
227 226 229
216 216 222
191 194 206
157 160 179
122 124 148
97 99 124
62 58 90
232 229 229
220 214 220
200 192 202
164 154 171
131 119 144
103 92 120
64 53 89
235 232 230
227 218 224
212 198 211
180 163 183
126 106 134
107 89 118
70 51 85
242 229 230
237 209 218
231 191 207
208 154 174
189 124 149
152 86 112
128 48 82
242 226 228
240 212 221
236 191 207
221 152 177
200 122 148
165 83 108
137 61 88
242 228 229
244 212 218
242 192 202
231 147 161
217 125 140
182 67 97
160 42 77
243 224 224
244 210 215
243 188 200
240 147 162
226 119 135
194 71 92
171 53 76
242 223 222
244 213 215
244 194 197
241 148 156
219 104 111
192 73 78
162 49 56
242 222 220
244 199 196
243 180 178
241 146 143
221 108 109
186 74 73
169 51 49
243 220 215
244 205 197
242 176 167
242 150 136
221 120 108
182 67 64
165 56 48
243 224 215
243 210 195
243 185 166
234 152 128
220 125 106
203 100 83
185 83 64
243 226 214
240 211 195
244 195 171
230 154 128
224 122 95
201 94 66
182 73 45
243 227 215
244 209 189
244 192 161
229 152 110
218 127 85
199 99 56
180 84 57
243 226 210
244 213 191
243 195 162
233 160 108
216 129 80
199 104 52
189 98 58
243 224 205
244 214 179
245 202 158
243 177 119
232 154 93
202 124 57
197 114 58
243 229 206
244 216 178
245 205 155
241 182 122
233 160 94
224 141 76
212 122 52
242 227 203
244 215 174
245 204 147
239 187 122
229 166 93
216 145 72
211 133 59
243 229 202
244 220 176
245 211 153
239 190 122
235 176 95
224 158 75
211 134 45
242 227 200
244 218 168
245 209 140
242 197 117
232 180 90
222 159 47
216 148 39
242 232 206
244 226 175
66 246 216 143
248 209 117
245 196 87
238 183 62
225 162 37
243 230 188
243 228 177
244 225 161
242 210 112
236 195 80
229 183 62
210 161 39
244 233 188
243 229 174
243 221 141
233 203 91
221 185 64
209 168 19
192 145 0
243 235 195
242 230 171
243 222 135
229 203 96
213 184 69
204 173 38
192 161 38
241 236 198
235 231 177
225 223 140
211 208 94
189 187 64
163 161 17
146 147 2
241 239 203
231 233 179
213 221 142
191 202 116
174 182 87
148 158 68
127 132 48
232 239 210
218 229 185
192 211 142
168 193 106
142 173 82
113 144 48
98 130 42
226 236 215
208 226 196
183 211 169
150 188 131
125 167 106
92 135 73
80 118 62
230 237 213
215 229 203
190 213 174
150 197 135
124 175 111
75 135 74
48 103 66
224 236 217
202 228 203
171 213 178
137 197 154
99 171 123
66 137 87
33 95 56
223 236 222
207 227 211
183 217 193
131 194 163
83 173 132
42 139 95
0 104 72
215 236 228
192 227 220
161 212 202
113 187 172
84 164 147
56 137 122
0 107 85
220 237 233
195 231 226
162 213 206
118 184 177
98 168 160
62 139 132
0 106 102
215 234 233
196 229 231
170 219 223
117 191 200
74 167 179
17 131 144
0 110 127
210 233 235
198 225 230
170 208 217
131 191 206
86 162 181
41 125 147
0 106 132
222 233 234
201 227 234
170 210 223
121 181 203
72 159 187
36 127 157
0 103 138
212 231 234
184 222 233
149 206 224
98 177 206
47 155 190
0 123 165
0 86 133
215 229 232
187 221 234
167 210 233
106 175 216
67 152 200
22 117 172
0 86 139
216 228 232
198 222 234
180 212 232
133 178 215
102 155 196
57 114 165
30 70 116
225 229 231
207 217 230
188 203 223
157 176 210
125 149 193
88 112 161
36 63 120
225 226 232
218 220 230
202 208 228
172 175 213
145 148 197
107 110 166
65 62 112
235 230 233
226 216 229
212 202 224
193 178 213
156 139 185
117 101 151
82 63 110
236 229 232
226 219 230
214 198 222
197 173 209
167 135 184
132 99 151
104 70 120
240 231 232
231 218 229
221 198 219
199 162 195
172 131 167
129 90 127
96 54 94
189 70 127
156 55 103
153 45 90
178 62 96
237 198 218
235 185 212
225 154 197
215 121 173
241 200 214
232 166 196
226 134 167
213 104 144
241 196 209
235 162 185
225 121 151
211 94 127
243 202 210
241 154 171
233 115 132
211 56 78
206 73 101
171 36 63
177 52 79
183 52 58
181 47 43
187 47 54
173 38 46
215 57 48
198 34 47
202 51 51
196 68 61
179 34 48
243 191 184
242 155 146
233 117 105
221 78 64
244 210 200
244 190 178
241 145 128
228 100 75
221 86 51
196 75 47
214 73 32
198 84 41
220 86 32
229 111 56
232 116 49
239 136 38
244 202 147
245 181 97
244 166 62
241 146 31
237 140 30
240 138 39
242 153 0
243 160 0
244 225 159
247 206 105
248 192 72
248 178 34
243 229 165
246 223 119
249 212 69
252 208 0
246 180 0
250 192 0
252 205 0
252 210 0
243 235 146
249 226 87
247 220 49
247 214 0
242 235 171
232 218 107
214 194 35
196 180 0
223 221 139
209 206 87
189 194 42
169 182 17
167 204 0
142 195 16
126 190 43
98 169 56
48 144 35
49 144 67
24 135 84
0 115 71
210 234 196
172 221 156
131 196 110
83 171 59
200 232 205
159 220 173
120 196 133
69 169 80
185 230 224
137 217 209
81 192 182
25 157 153
31 154 165
0 140 142
0 139 157
0 113 135
184 227 229
132 208 215
22 161 171
0 133 154
175 220 230
122 200 219
49 170 193
0 117 139
172 214 234
120 191 228
47 155 203
0 138 190
181 215 233
137 192 228
25 139 203
0 101 171
191 207 229
152 180 219
94 130 187
89 116 175
0 93 146
0 86 155
2 72 137
46 75 137
198 201 225
164 167 209
122 126 180
66 71 128
230 211 226
206 174 209
172 131 180
159 113 166
234 203 222
217 169 207
190 128 176
153 74 127
117 78 131
126 80 132
107 79 133
86 72 126
59 55 60
52 49 54
48 46 47
51 50 50
47 51 56
50 54 57
54 58 58
232 234 234
240 235 230
239 234 225
238 232 221
229 225 217
238 235 229
238 237 231
239 240 236
233 236 232
238 235 225
231 228 217
230 224 211
227 222 208
238 234 220
232 228 216
226 222 216
205 202 194
188 184 174
172 169 159
145 140 133
120 116 110
78 72 65
224 218 211
205 199 190
186 180 170
171 164 155
134 124 112
111 101 89
88 76 61
228 223 216
210 205 194
191 184 171
173 164 151
136 125 108
116 107 91
89 77 57
228 223 212
209 201 184
191 179 161
177 164 145
137 124 105
113 100 83
85 72 54
230 224 211
206 200 187
191 184 170
170 163 148
130 124 111
106 101 91
83 80 73
226 225 214
207 203 189
189 183 166
174 169 151
134 128 112
101 93 77
87 81 66
224 224 218
200 204 197
179 183 176
163 169 161
124 127 119
99 103 96
74 78 75
222 224 220
204 205 201
185 187 182
164 167 162
128 130 127
99 101 98
68 69 67
222 224 221
200 203 203
177 182 183
161 167 168
127 132 134
98 103 106
68 72 77
227 223 220
208 202 200
189 184 183
175 168 167
133 127 128
102 96 99
69 62 65
243 238 232
238 232 221
245 240 230
244 240 229
247 241 227
247 241 222
247 239 219
247 233 232
247 230 229
248 227 226
248 233 227
249 226 220
247 236 227
249 230 220
247 237 225
249 231 215
247 237 221
248 233 213
248 235 210
247 239 219
248 237 213
247 239 209
247 242 217
248 241 207
247 242 216
247 241 206
239 241 226
235 238 219
235 242 229
230 242 238
226 241 237 6
231 240 238
218 235 236
230 238 240
221 234 239
230 233 239
225 229 238
219 224 236
235 235 239
228 226 235
241 236 238
238 230 238
173 156 141
161 142 126
165 152 141
159 147 135
102 93 88
197 184 167
180 165 147
157 141 124
133 115 100
90 72 63
205 192 177
198 182 165
168 150 131
131 117 104
111 97 85
224 214 201
220 206 190
201 179 158
177 153 133
108 82 68
174 149 126
161 133 108
127 98 75
203 187 171
141 119 103
223 211 193
208 192 171
197 180 158
215 200 179
196 180 158
220 209 193
207 193 173
193 177 154
184 165 141
163 144 124
203 181 156
227 211 187
194 167 140
194 170 142
177 153 124
217 207 191
203 193 174
188 176 155
173 158 133
108 94 78
177 164 145
204 191 175
187 172 151
174 158 136
148 130 109
239 236 227
231 219 205
231 216 199
235 225 210
226 212 193
243 231 210
244 233 215
242 232 216
242 230 210
244 222 196
244 233 205
246 240 226
238 232 215
233 224 204
220 208 189
242 238 228
219 210 196
227 218 204
221 208 188
223 217 208
236 225 208
231 216 196
235 219 197
231 217 192
223 209 184
198 159 175
94 70 79
119 66 73
132 93 97
100 80 81
215 165 149
135 67 64
129 64 69
116 64 66
113 63 62
138 64 65
163 77 75
167 60 65
184 78 70
184 64 59
127 69 60
123 66 63
121 71 66
111 66 61
102 71 71
226 211 197
209 174 155
151 94 81
151 77 656
147 66 62
161 179 190
77 92 109
131 151 163
94 113 125
69 82 90
105 147 170
70 113 135
137 171 186
96 144 162
68 121 142
127 157 164
107 147 156
157 176 181
92 128 139
76 88 96
162 175 177
101 124 129
71 107 113
105 126 135
66 89 99
177 185 179
103 110 107
60 77 78
101 115 122
75 85 89
230 226 219
229 224 215
222 216 208
121 112 114
73 62 64
224 218 210
215 207 198
173 161 146 3 6
212 205 198
170 159 151
230 226 219
228 223 211
194 187 172
175 166 150
168 161 150
197 191 182
162 156 147
179 174 168
179 173 159
88 85 78
218 217 213
215 212 205
208 207 202
194 193 188
170 170 164
203 204 197
172 176 175
209 210 205
206 206 199
162 162 155
222 224 223
198 200 198
184 184 181
166 170 169
152 156 154
210 213 211
201 205 207
180 185 186
145 152 157
106 114 121
221 221 217
202 201 199
186 185 183
149 149 146
149 148 148
209 206 201
196 193 189
157 154 150
99 99 100
73 69 64
241 224 198
234 186 140
237 219 190
218 176 133
191 153 116
68 247 227 195
234 192 137
243 225 197
239 216 182
228 192 141
247 220 184
231 199 162
225 206 177
211 187 159
195 171 142
226 201 162
220 188 145
204 171 130
203 175 137
192 160 126
219 199 168
204 179 143
217 199 162
190 160 115
147 116 78
174 111 90
178 124 99
172 106 76
212 181 155
154 112 90
230 185 157
199 126 91
212 156 119
181 116 75
166 109 76
229 208 190
222 200 181
203 178 155
193 164 139
171 135 112
219 198 169
211 178 145
187 143 109
217 197 176
199 164 135
236 209 179
236 211 181
221 198 172
183 153 124
172 137 108
159 155 117
186 180 149
164 161 132
132 128 96
91 96 85
167 151 120
200 190 154
178 165 124
132 124 95
109 101 72
178 167 135
144 133 110
205 196 174
166 157 134
130 122 101
169 173 157
144 166 138
135 134 122
153 145 127
101 94 82
164 159 147
190 193 164
156 155 135
81 85 76
67 77 70

