0001 149 120 108
0002 189 172 158
0003 199 163 148
0004 155 109 110
0005 108 88 88
0006 140 85 78
0007 173 119 87
0008 142 77 56
0009 192 146 94
0010 192 162 128
0011 204 191 158
0012 193 162 109
0013 173 181 145
0014 142 139 103
0015 109 135 115
0016 70 89 79
0017 138 163 156
0018 98 128 125
0019 160 186 185
0020 117 150 150
0021 195 183 183
0022 128 108 109
0023 163 157 145
0024 152 140 119
0025 207 144 133
0026 234 188 174
0027 235 208 184
0028 235 212 176
0029 203 209 182
0030 236 202 134
0031 154 172 172
0032 87 103 114
0033 154 81 74
0034 193 146 128
0035 237 221 195
0036 217 198 165
0037 173 163 148
0038 126 116 99
0039 194 150 120
0040 167 99 80
0041 63 79 69
0042 170 165 126
0043 172 151 98
0044 230 196 138
0045 148 108 70
0046 240 230 207
0047 108 129 124
0048 76 99 112
0049 184 180 162
0050 239 236 221
0051 242 226 195
0052 202 206 197
0053 232 225 213
0054 201 192 182
0055 194 193 187
0056 214 191 171
0057 164 67 52
0058 243 193 176
0059 203 210 196
0060 87 143 119
0061 173 120 119
0062 199 186 184
0063 171 209 203
0064 0 74 79
0065 72 86 68
0066 171 180 160
0067 237 209 159
0068 192 204 198
0069 205 158 132
0070 223 197 185
0071 190 157 158
0072 99 63 68
0073 222 216 136
0074 168 136 160
0075 141 199 194
0076 220 182 180
0077 139 139 134
0078 237 216 156
0079 202 172 153
0080 209 112 121
2801 73 34 33
2802 101 47 42
2803 152 90 61
2804 175 138 112
2805 195 178 158
2806 126 100 73
2807 110 84 64
2808 93 75 63
2809 48 59 57
2810 69 100 97
2811 114 133 121
2812 148 163 128
2813 198 173 121
2814 159 131 79
2815 146 136 100
2816 84 94 75
2817 186 135 64
2818 140 126 123
2819 116 123 130
2820 137 125 104
2821 163 161 148
2822 203 191 166
2823 153 129 99
2824 150 119 75
2825 171 193 167
2826 162 159 126
2827 166 150 124
2828 209 182 150
2829 236 228 204
2831 232 191 114
2832 181 186 186
2833 231 221 192
2834 223 199 143
2835 173 149 120
2836 127 99 81
2837 108 69 57
2838 67 39 33
2839 123 49 30
2840 151 140 127
2841 146 130 103
2842 166 150 116
2843 121 109 80
2844 192 190 177
2845 152 145 123
2846 85 85 72
2847 49 64 56
2848 91 96 95
2849 121 122 121
2850 183 185 179
2851 112 112 92
2852 174 185 150
2853 213 178 126
2854 191 125 93
2855 155 141 122
2856 99 72 59
2857 232 210 154
2858 216 167 104
2859 221 202 180
2860 177 176 151
2861 129 127 93
2862 146 179 161
2863 139 163 176
2864 87 136 155
2865 245 218 145
2901 96 34 52
2902 124 36 61
2903 141 29 48
2904 135 20 31
2905 128 21 34
2906 113 25 34
2907 181 0 26
2908 157 16 28
2909 152 1 13
2910 172 0 0
2911 148 0 0
2912 135 0 0
2913 145 31 33
2914 126 25 27
2916 142 57 40
2917 154 74 51
2923 80 54 41
2924 61 39 29
2926 63 53 43
2927 44 32 26
2929 66 67 48
2930 76 69 39
2936 18 34 29
6000 225 223 219
6001 208 203 200
6003 174 169 166
6004 134 126 121
6005 111 104 100
6006 64 51 46
6007 229 221 217
6008 214 206 204
6009 193 182 180
6010 177 164 161
6011 137 123 119
6012 111 98 95
6013 79 61 61
6014 226 218 215
6015 210 198 196
6016 193 179 178
6017 179 163 163
6018 140 124 126
6019 116 97 99
6020 80 52 51
6021 228 218 214
6022 213 195 190
6023 201 177 171
6024 184 157 153
6025 146 119 120
6026 121 92 94
6027 96 61 63
6028 229 221 215
6029 215 201 194
6030 197 179 173
6031 182 160 154
6032 144 117 108
6033 127 101 94
6034 92 56 51
6035 228 221 214
6036 210 199 191
6037 192 179 171
6038 175 162 154
6039 143 131 124
6040 120 107 100
6041 90 74 65
6042 230 219 212
6043 216 202 193
6044 199 181 170
6045 185 163 151
6046 151 123 108
6047 130 101 86
6048 90 57 43
6049 232 220 212
6050 219 201 190
6051 208 183 169
6052 196 166 152
6053 159 113 98
6054 137 93 80
6055 94 57 47
6056 234 223 213
6057 223 204 190
6058 210 186 169
6059 195 167 149
6060 160 125 106
6061 139 104 84
6062 104 67 51
6063 231 223 214
6064 217 207 196
6065 204 187 172
6066 187 167 149
6067 152 127 109
6068 113 84 66
6069 81 58 45
6070 230 226 217
6071 213 206 196
6072 194 184 172
6073 181 171 158
6074 145 132 121
6075 119 107 98
6076 79 60 50
6077 228 221 212
6078 211 202 189
6079 196 183 168
6080 181 168 151
6081 144 123 102
6082 124 105 87
6083 93 76 61
6084 231 222 212
6085 213 200 185
6086 196 178 160
6087 181 162 143
6088 144 120 98
6089 121 94 72
6090 103 76 58
6091 232 224 212
6092 218 202 185
6093 203 184 162
6094 190 166 141
6095 149 118 85
6096 129 97 65
6097 104 74 42
6098 229 222 208
6099 215 200 180
6100 201 181 156
6101 187 165 139
6102 148 126 99
6103 124 101 75
6104 101 83 62
6105 231 222 206
6106 215 201 176
6107 198 180 152
6108 186 165 135
6109 158 134 101
6110 136 110 75
6111 111 89 60
6112 235 223 204
6113 227 206 173
6114 214 185 147
6115 203 171 130
6116 185 147 101
6117 165 127 84
6118 140 102 58
6119 231 222 199
6120 217 202 168
6121 204 186 146
6122 195 175 134
6123 177 151 104
6124 158 130 91
6125 137 107 73
6126 234 223 201
6127 226 209 172
6128 218 193 146
6129 208 183 133
6130 191 159 100
6131 173 141 84
6132 144 114 61
6133 232 225 201
6134 222 210 176
6135 207 193 151
6136 195 180 137
6137 171 155 115
6138 153 136 97
6139 125 106 65
6140 232 223 207
6141 217 205 178
6142 203 187 156
6143 191 174 140
6144 148 131 103
6145 133 115 85
6146 110 88 60 
6147 233 226 213
6148 217 209 188
6149 200 190 165
6150 186 174 150
6151 144 132 109
6152 121 110 89
6153 101 87 62
6154 232 228 212
6155 218 210 186
6156 203 193 163
6157 191 179 146
6158 154 144 116
6159 125 115 89
6160 92 82 60
6161 222 222 210
6162 208 207 187
6163 192 190 167
6164 177 176 151
6165 138 136 118
6166 105 104 86
6167 94 92 75
6168 226 225 216
6169 208 206 192
6170 190 187 170
6171 175 173 156
6172 140 135 117
6173 113 108 89
6174 67 68 57
6175 224 227 210
6176 205 209 189
6177 186 191 168
6178 170 176 151
6179 126 135 105
6180 100 108 78
6181 79 86 60
6182 228 227 220
6183 209 210 197
6184 189 191 178
6185 169 172 158
6186 123 131 114
6187 100 109 94
6188 77 81 70
6189 220 224 216
6190 208 213 199
6191 189 194 180
6192 157 168 148
6193 122 139 121
6194 97 114 98
6195 70 86 73
6196 221 222 214
6197 201 202 193
6198 181 183 172
6199 166 168 156
6200 128 129 116
6201 111 112 101
6202 101 103 92
6203 229 229 222
6204 205 211 202
6205 189 195 185
6206 172 179 168
6207 124 131 121
6208 95 100 90
6209 71 76 66
6210 216 224 218
6211 194 205 198
6212 171 187 180
6213 155 172 164
6214 126 145 139
6215 97 116 110
6216 52 60 55
6217 218 227 224
6218 194 208 209
6219 172 190 193
6220 155 175 179
6221 125 147 149
6222 96 116 119
6223 76 94 97
6224 217 223 223
6225 188 203 207
6226 166 184 191
6227 151 169 177
6228 100 125 135
6229 75 98 109
6230 43 70 86
6231 223 225 224
6232 205 209 210
6233 185 190 191
6234 168 175 177
6235 117 126 130
6236 90 100 104
6237 41 59 67
6238 220 223 225
6239 193 201 209
6240 172 185 199
6241 156 170 186
6242 6 124 139 158
6243 98 110 130
6244 48 58 76
6245 222 226 225
6246 202 208 210
6247 186 193 196
6248 173 180 184
6249 125 134 144
6250 100 110 121
6251 84 92 100
6252 227 228 226
6253 213 216 216
6254 191 193 196
6255 168 173 177
6256 128 134 141
6257 101 107 115
6258 45 45 46
6259 222 221 221
6260 203 201 204
6261 182 179 183
6262 167 163 169
6263 118 113 122
6264 94 90 99
6265 74 68 83
6266 224 220 220
6267 208 201 205
6268 190 181 185
6269 177 167 172
6270 137 120 126
6271 108 92 100
6272 79 66 71
6273 226 221 218
6274 208 202 201
6275 190 185 185
6276 175 170 171
6277 126 122 127
6278 97 94 100
6279 59 55 62
6280 233 226 226
6281 221 207 213
6282 206 184 193
6283 176 144 157
6284 143 107 123
6285 130 92 111
6286 98 63 84
6287 236 224 222
6288 226 206 210
6289 212 182 190
6290 188 149 161
6291 162 110 123
6292 146 89 105
6293 112 50 78
6294 235 220 220
6295 234 213 213
6296 220 190 193
6297 201 158 162
6298 162 110 118
6299 138 82 94
6300 102 50 61
6301 240 226 222
6302 237 211 208
6303 222 184 181
6304 197 149 147
6305 158 97 101
6306 136 75 80
6307 118 57 66
6308 240 223 220
6309 238 212 211
6310 233 190 189
6311 211 139 140
6312 180 96 102
6313 154 70 80
6314 138 57 65
6315 239 221 215
6316 237 207 203
6317 229 183 177
6318 208 144 137
6319 187 110 104
6320 165 85 77
6321 145 51 52
6322 240 225 215
6323 237 209 195
6324 228 182 167
6325 207 144 126
6326 184 107 94
6327 164 89 77
6328 125 54 46
6329 239 223 213
6330 235 206 193
6331 227 185 166
6332 208 150 130
6333 173 97 83
6334 145 67 52
6335 134 58 43
6336 237 224 210
6337 237 212 192
6338 229 187 163
6339 218 156 126
6340 195 125 91
6341 177 104 74
6342 155 76 50
6343 240 227 211
6344 235 209 186
6345 230 188 155
6346 222 159 122
6347 199 128 90
6348 182 107 69
6349 163 90 54
6350 237 223 202
6351 236 208 180
6352 225 183 147
6353 213 155 111
6354 196 135 87
6355 180 112 62
6356 166 100 55
6357 240 227 209
6358 237 212 182
6359 231 195 154
6360 214 159 103
6361 205 147 92
6362 186 124 68
6363 175 112 57
6364 242 232 210
6365 242 220 185
6366 239 207 149
6367 228 182 115
6368 213 162 91
6369 196 143 68
6370 179 122 53
6371 240 229 202
6372 240 218 176
6373 234 201 140
6374 227 184 108
6375 211 161 84
6376 197 143 59
6377 181 129 53
6378 242 232 212
6379 241 224 186
6380 234 206 148
6381 218 181 107
6382 209 167 87
6383 200 153 66
6384 183 135 49
6385 239 236 221
6386 237 224 193
6387 230 206 157
6388 212 180 119
6389 201 163 91
6390 188 151 84
6391 162 127 61
6392 236 228 197
6393 230 218 175
6394 221 200 139
6395 199 171 88
6396 184 157 76
6397 164 135 48
6398 152 121 52
6399 231 227 197
6400 224 213 165
6401 205 193 129
6402 188 172 94
6403 177 163 84
6404 151 133 60
6405 145 127 57
6406 230 226 198
6407 219 209 166
6408 199 188 133
6409 174 161 97
6410 156 141 73
6411 137 124 57
6412 120 107 64
6413 232 228 202
6414 219 216 176
6415 203 199 145
6416 180 174 104
6417 152 149 81
6418 138 136 76
6419 97 97 41
6420 236 235 214
6421 224 224 191
6422 201 205 156
6423 173 177 122
6424 147 153 93
6425 110 116 59
6426 92 99 48
6427 228 232 208
6428 218 224 190
6429 197 208 168
6430 169 183 133
6431 133 150 94
6432 106 122 69
6433 85 101 56
6434 227 232 218
6435 216 227 204
6436 195 211 178
6437 161 184 141
6438 118 146 98
6439 94 119 80
6440 68 89 66
6441 224 232 219
6442 204 223 199
6443 177 205 171
6444 137 173 129
6445 91 130 88
6446 62 98 59
6447 61 91 64
6448 222 230 215
6449 198 218 198
6450 169 197 169
6451 150 180 150
6452 104 141 106
6453 79 117 83
6454 29 81 53
6455 216 228 218
6456 198 215 203
6457 169 196 181
6458 144 178 160
6459 94 132 110
6460 75 108 86
6461 59 87 67
6462 215 230 221
6463 195 219 208
6464 171 204 191
6465 147 183 169
6466 105 149 130
6467 82 122 106
6468 46 82 72
6469 215 226 218
6470 190 210 202
6471 164 191 180
6472 127 164 155
6473 96 138 129
6474 75 114 106
6475 25 75 70
6476 224 231 227
6477 196 215 213
6478 180 204 202
6479 142 175 173
6480 84 134 133
6481 49 103 103
6482 0 81 82
6483 215 234 232
6484 192 219 218
6485 159 197 200
6486 126 177 181
6487 97 148 155
6488 65 120 128
6489 10 95 107
6490 225 233 230
6491 201 222 225
6492 179 209 216
6493 137 179 193
6494 98 149 166
6495 48 116 137
6496 0 83 112
6497 218 231 231
6498 199 219 225
6499 176 202 213
6500 135 173 190
6501 98 145 165
6502 60 116 142
6503 9 88 121
6504 221 231 233
6505 197 217 226
6506 173 199 218
6507 140 174 199
6508 92 134 164
6509 48 97 130
6510 17 63 96
6511 226 232 232
6512 200 215 224
6513 182 200 212
6514 154 178 197
6515 112 140 164
6516 77 111 143
6517 43 83 116
6518 226 229 228
6519 208 216 222
6520 181 197 213
6521 144 166 190
6522 112 136 166
6523 86 105 134
6524 42 66 106
6525 226 229 230
6526 205 215 226
6527 182 199 218
6528 147 166 196
6529 114 137 172
6530 82 103 140
6531 47 70 113
6532 224 226 228
6533 205 213 220
6534 190 198 211
6535 157 166 185
6536 112 125 155
6537 87 100 132
6538 62 69 109
6539 227 226 229
6540 216 216 222
6541 191 194 206
6542 157 160 179
6543 122 124 148
6544 97 99 124
6545 62 58 90
6546 232 229 229
6547 220 214 220
6548 200 192 202
6549 164 154 171
6550 131 119 144
6551 103 92 120
6552 64 53 89
6553 235 232 230
6554 227 218 224
6555 212 198 211
6556 180 163 183
6557 126 106 134
6558 107 89 118
6559 70 51 85
6560 242 229 230
6561 237 209 218
6562 231 191 207
6563 208 154 174
6564 189 124 149
6565 152 86 112
6566 128 48 82
6567 242 226 228
6568 240 212 221
6569 236 191 207
6570 221 152 177
6571 200 122 148
6572 165 83 108
6573 137 61 88
6574 242 228 229
6575 244 212 218
6576 242 192 202
6577 231 147 161
6578 217 125 140
6579 182 67 97
6580 160 42 77
6581 243 224 224
6582 244 210 215
6583 243 188 200
6584 240 147 162
6585 226 119 135
6586 194 71 92
6587 171 53 76
6588 242 223 222
6589 244 213 215
6590 244 194 197
6591 241 148 156
6592 219 104 111
6593 192 73 78
6594 162 49 56
6595 242 222 220
6596 244 199 196
6597 243 180 178
6598 241 146 143
6599 221 108 109
6600 186 74 73
6601 169 51 49
6602 243 220 215
6603 244 205 197
6604 242 176 167
6605 242 150 136
6606 221 120 108
6607 182 67 64
6608 165 56 48
6609 243 224 215
6610 243 210 195
6611 243 185 166
6612 234 152 128
6613 220 125 106
6614 203 100 83
6615 185 83 64
6616 243 226 214
6617 240 211 195
6618 244 195 171
6619 230 154 128
6620 224 122 95
6621 201 94 66
6622 182 73 45
6623 243 227 215
6624 244 209 189
6625 244 192 161
6626 229 152 110
6627 218 127 85
6628 199 99 56
6629 180 84 57
6630 243 226 210
6631 244 213 191
6632 243 195 162
6633 233 160 108
6634 216 129 80
6635 199 104 52
6636 189 98 58
6637 243 224 205
6638 244 214 179
6639 245 202 158
6640 243 177 119
6641 232 154 93
6642 202 124 57
6643 197 114 58
6644 243 229 206
6645 244 216 178
6646 245 205 155
6647 241 182 122
6648 233 160 94
6649 224 141 76
6650 212 122 52
6651 242 227 203
6652 244 215 174
6653 245 204 147
6654 239 187 122
6655 229 166 93
6656 216 145 72
6657 211 133 59
6658 243 229 202
6659 244 220 176
6660 245 211 153
6661 239 190 122
6662 235 176 95
6663 224 158 75
6664 211 134 45
6665 242 227 200
6666 244 218 168
6667 245 209 140
6668 242 197 117
6669 232 180 90
6670 222 159 47
6671 216 148 39
6672 242 232 206
6673 244 226 175
6674 66 246 216 143
6675 248 209 117
6676 245 196 87
6677 238 183 62
6678 225 162 37
6679 243 230 188
6680 243 228 177
6681 244 225 161
6682 242 210 112
6683 236 195 80
6684 229 183 62
6685 210 161 39
6686 244 233 188
6687 243 229 174
6688 243 221 141
6689 233 203 91
6690 221 185 64
6691 209 168 19
6692 192 145 0
6693 243 235 195
6694 242 230 171
6695 243 222 135
6696 229 203 96
6697 213 184 69
6698 204 173 38
6699 192 161 38
6700 241 236 198
6701 235 231 177
6702 225 223 140
6703 211 208 94
6704 189 187 64
6705 163 161 17
6706 146 147 2
6707 241 239 203
6708 231 233 179
6709 213 221 142
6710 191 202 116
6711 174 182 87
6712 148 158 68
6713 127 132 48
6714 232 239 210
6715 218 229 185
6716 192 211 142
6717 168 193 106
6718 142 173 82
6719 113 144 48
6720 98 130 42
6721 226 236 215
6722 208 226 196
6723 183 211 169
6724 150 188 131
6725 125 167 106
6726 92 135 73
6727 80 118 62
6728 230 237 213
6729 215 229 203
6730 190 213 174
6731 150 197 135
6732 124 175 111
6733 75 135 74
6734 48 103 66
6735 224 236 217
6736 202 228 203
6737 171 213 178
6738 137 197 154
6739 99 171 123
6740 66 137 87
6741 33 95 56
6742 223 236 222
6743 207 227 211
6744 183 217 193
6745 131 194 163
6746 83 173 132
6747 42 139 95
6748 0 104 72
6749 215 236 228
6750 192 227 220
6751 161 212 202
6752 113 187 172
6753 84 164 147
6754 56 137 122
6755 0 107 85
6756 220 237 233
6757 195 231 226
6758 162 213 206
6759 118 184 177
6760 98 168 160
6761 62 139 132
6762 0 106 102
6763 215 234 233
6764 196 229 231
6765 170 219 223
6766 117 191 200
6767 74 167 179
6768 17 131 144
6769 0 110 127
6770 210 233 235
6771 198 225 230
6772 170 208 217
6773 131 191 206
6774 86 162 181
6775 41 125 147
6776 0 106 132
6777 222 233 234
6778 201 227 234
6779 170 210 223
6780 121 181 203
6781 72 159 187
6782 36 127 157
6783 0 103 138
6784 212 231 234
6785 184 222 233
6786 149 206 224
6787 98 177 206
6788 47 155 190
6789 0 123 165
6790 0 86 133
6791 215 229 232
6792 187 221 234
6793 167 210 233
6794 106 175 216
6795 67 152 200
6796 22 117 172
6797 0 86 139
6798 216 228 232
6799 198 222 234
6800 180 212 232
6801 133 178 215
6802 102 155 196
6803 57 114 165
6804 30 70 116
6805 225 229 231
6806 207 217 230
6807 188 203 223
6808 157 176 210
6809 125 149 193
6810 88 112 161
6811 36 63 120
6812 225 226 232
6813 218 220 230
6814 202 208 228
6815 172 175 213
6816 145 148 197
6817 107 110 166
6818 65 62 112
6819 235 230 233
6820 226 216 229
6821 212 202 224
6822 193 178 213
6823 156 139 185
6824 117 101 151
6825 82 63 110
6826 236 229 232
6827 226 219 230
6828 214 198 222
6829 197 173 209
6830 167 135 184
6831 132 99 151
6832 104 70 120
6833 240 231 232
6834 231 218 229
6835 221 198 219
6836 199 162 195
6837 172 131 167
6838 129 90 127
6839 96 54 94
6840 189 70 127
6841 156 55 103
6842 153 45 90
6843 178 62 96
6844 237 198 218
6845 235 185 212
6846 225 154 197
6847 215 121 173
6848 241 200 214
6849 232 166 196
6850 226 134 167
6851 213 104 144
6852 241 196 209
6853 235 162 185
6854 225 121 151
6855 211 94 127
6856 243 202 210
6857 241 154 171
6858 233 115 132
6859 211 56 78
6860 206 73 101
6861 171 36 63
6862 177 52 79
6863 183 52 58
6864 181 47 43
6865 187 47 54
6866 173 38 46
6867 215 57 48
6868 198 34 47
6869 202 51 51
6870 196 68 61
6871 179 34 48
6872 243 191 184
6873 242 155 146
6874 233 117 105
6875 221 78 64
6876 244 210 200
6877 244 190 178
6878 241 145 128
6879 228 100 75
6880 221 86 51
6881 196 75 47
6882 214 73 32
6883 198 84 41
6884 220 86 32
6885 229 111 56
6886 232 116 49
6887 239 136 38
6888 244 202 147
6889 245 181 97
6890 244 166 62
6891 241 146 31
6892 237 140 30
6893 240 138 39
6894 242 153 0
6895 243 160 0
6896 244 225 159
6897 247 206 105
6898 248 192 72
6899 248 178 34
6900 243 229 165
6901 246 223 119
6902 249 212 69
6903 252 208 0
6904 246 180 0
6905 250 192 0
6906 252 205 0
6907 252 210 0
6908 243 235 146
6909 249 226 87
6910 247 220 49
6911 247 214 0
6912 242 235 171
6913 232 218 107
6914 214 194 35
6915 196 180 0
6916 223 221 139
6917 209 206 87
6918 189 194 42
6919 169 182 17
6920 167 204 0
6921 142 195 16
6922 126 190 43
6923 98 169 56
6924 48 144 35
6925 49 144 67
6926 24 135 84
6927 0 115 71
6928 210 234 196
6929 172 221 156
6930 131 196 110
6931 83 171 59
6932 200 232 205
6933 159 220 173
6934 120 196 133
6935 69 169 80
6936 185 230 224
6937 137 217 209
6938 81 192 182
6939 25 157 153
6940 31 154 165
6941 0 140 142
6942 0 139 157
6943 0 113 135
6944 184 227 229
6945 132 208 215
6946 22 161 171
6947 0 133 154
6948 175 220 230
6949 122 200 219
6950 49 170 193
6951 0 117 139
6952 172 214 234
6953 120 191 228
6954 47 155 203
6955 0 138 190
6956 181 215 233
6957 137 192 228
6958 25 139 203
6959 0 101 171
6960 191 207 229
6961 152 180 219
6962 94 130 187
6963 89 116 175
6964 0 93 146
6965 0 86 155
6966 2 72 137
6967 46 75 137
6968 198 201 225
6969 164 167 209
6970 122 126 180
6971 66 71 128
6972 230 211 226
6973 206 174 209
6974 172 131 180
6975 159 113 166
6976 234 203 222
6977 217 169 207
6978 190 128 176
6979 153 74 127
6980 117 78 131
6981 126 80 132
6982 107 79 133
6983 86 72 126
6988 59 55 60
6989 52 49 54
6990 48 46 47
6991 51 50 50
6992 47 51 56
6993 50 54 57
6994 54 58 58
6995 232 234 234
7000 240 235 230
7001 239 234 225
7002 238 232 221
7003 229 225 217
7004 238 235 229
7005 238 237 231
7006 239 240 236
7007 233 236 232
7008 238 235 225
7009 231 228 217
7010 230 224 211
7011 227 222 208
7012 238 234 220
7013 232 228 216
7014 226 222 216
7015 205 202 194
7016 188 184 174
7017 172 169 159
7018 145 140 133
7019 120 116 110
7020 78 72 65
7021 224 218 211
7022 205 199 190
7023 186 180 170
7024 171 164 155
7025 134 124 112
7026 111 101 89
7027 88 76 61
7028 228 223 216
7029 210 205 194
7030 191 184 171
7031 173 164 151
7032 136 125 108
7033 116 107 91
7034 89 77 57
7035 228 223 212
7036 209 201 184
7037 191 179 161
7038 177 164 145
7039 137 124 105
7040 113 100 83
7041 85 72 54
7042 230 224 211
7043 206 200 187
7044 191 184 170
7045 170 163 148
7046 130 124 111
7047 106 101 91
7048 83 80 73
7049 226 225 214
7050 207 203 189
7051 189 183 166
7052 174 169 151
7053 134 128 112
7054 101 93 77
7055 87 81 66
7056 224 224 218
7057 200 204 197
7058 179 183 176
7059 163 169 161
7060 124 127 119
7061 99 103 96
7062 74 78 75
7063 222 224 220
7064 204 205 201
7065 185 187 182
7066 164 167 162
7067 128 130 127
7068 99 101 98
7069 68 69 67
7070 222 224 221
7071 200 203 203
7072 177 182 183
7073 161 167 168
7074 127 132 134
7075 98 103 106
7076 68 72 77
7077 227 223 220
7078 208 202 200
7079 189 184 183
7080 175 168 167
7081 133 127 128
7082 102 96 99
7083 69 62 65
7100 243 238 232
7101 238 232 221
7102 245 240 230
7103 244 240 229
7104 247 241 227
7105 247 241 222
7106 247 239 219
7107 247 233 232
7108 247 230 229
7109 248 227 226
7110 248 233 227
7111 249 226 220
7112 247 236 227
7113 249 230 220
7114 247 237 225
7115 249 231 215
7116 247 237 221
7117 248 233 213
7118 248 235 210
7119 247 239 219
7120 248 237 213
7121 247 239 209
7122 247 242 217
7123 248 241 207
7124 247 242 216
7125 247 241 206
7126 239 241 226
7127 235 238 219
7128 235 242 229
7129 230 242 238
7130 226 241 237 6
7131 231 240 238
7132 218 235 236
7133 230 238 240
7134 221 234 239
7135 230 233 239
7136 225 229 238
7137 219 224 236
7138 235 235 239
7139 228 226 235
7140 241 236 238
7141 238 230 238
7501 173 156 141
7502 161 142 126
7503 165 152 141
7504 159 147 135
7505 102 93 88
7506 197 184 167
7507 180 165 147
7508 157 141 124
7509 133 115 100
7510 90 72 63
7511 205 192 177
7512 198 182 165
7513 168 150 131
7514 131 117 104
7515 111 97 85
7516 224 214 201
7517 220 206 190
7518 201 179 158
7519 177 153 133
7520 108 82 68
7521 174 149 126
7522 161 133 108
7523 127 98 75
7524 203 187 171
7525 141 119 103
7526 223 211 193
7527 208 192 171
7528 197 180 158
7529 215 200 179
7530 196 180 158
7531 220 209 193
7532 207 193 173
7533 193 177 154
7534 184 165 141
7535 163 144 124
7536 203 181 156
7537 227 211 187
7538 194 167 140
7539 194 170 142
7540 177 153 124
7541 217 207 191
7542 203 193 174
7543 188 176 155
7544 173 158 133
7545 108 94 78
7546 177 164 145
7547 204 191 175
7548 187 172 151
7549 174 158 136
7550 148 130 109
7551 239 236 227
7552 231 219 205
7553 231 216 199
7554 235 225 210
7555 226 212 193
7556 243 231 210
7557 244 233 215
7558 242 232 216
7559 242 230 210
7560 244 222 196
7561 244 233 205
7562 246 240 226
7563 238 232 215
7564 233 224 204
7565 220 208 189
7566 242 238 228
7567 219 210 196
7568 227 218 204
7569 221 208 188
7570 223 217 208
7571 236 225 208
7572 231 216 196
7573 235 219 197
7574 231 217 192
7575 223 209 184
7576 198 159 175
7577 94 70 79
7578 119 66 73
7579 132 93 97
7580 100 80 81
7581 215 165 149
7582 135 67 64
7583 129 64 69
7584 116 64 66
7585 113 63 62
7586 138 64 65
7587 163 77 75
7588 167 60 65
7589 184 78 70
7590 184 64 59
7591 127 69 60
7592 123 66 63
7593 121 71 66
7594 111 66 61
7595 102 71 71
7596 226 211 197
7597 209 174 155
7598 151 94 81
7599 151 77 656
7600 147 66 62
7601 161 179 190
7602 77 92 109
7603 131 151 163
7604 94 113 125
7605 69 82 90
7606 105 147 170
7607 70 113 135
7608 137 171 186
7609 96 144 162
7610 68 121 142
7611 127 157 164
7612 107 147 156
7613 157 176 181
7614 92 128 139
7615 76 88 96
7616 162 175 177
7617 101 124 129
7618 71 107 113
7619 105 126 135
7620 66 89 99
7621 177 185 179
7622 103 110 107
7623 60 77 78
7624 101 115 122
7625 75 85 89
7626 230 226 219
7627 229 224 215
7628 222 216 208
7629 121 112 114
7630 73 62 64
7631 224 218 210
7632 215 207 198
7633 173 161 146 3 6
7634 212 205 198
7635 170 159 151
7636 230 226 219
7637 228 223 211
7638 194 187 172
7639 175 166 150
7640 168 161 150
7641 197 191 182
7642 162 156 147
7643 179 174 168
7644 179 173 159
7645 88 85 78
7646 218 217 213
7647 215 212 205
7648 208 207 202
7649 194 193 188
7650 170 170 164
7651 203 204 197
7652 172 176 175
7653 209 210 205
7654 206 206 199
7655 162 162 155
7656 222 224 223
7657 198 200 198
7658 184 184 181
7659 166 170 169
7660 152 156 154
7661 210 213 211
7662 201 205 207
7663 180 185 186
7664 145 152 157
7665 106 114 121
7666 221 221 217
7667 202 201 199
7668 186 185 183
7669 149 149 146
7670 149 148 148
7671 209 206 201
7672 196 193 189
7673 157 154 150
7674 99 99 100
7675 73 69 64
7676 241 224 198
7677 234 186 140
7678 237 219 190
7679 218 176 133
7680 191 153 116
7681 68 247 227 195
7682 234 192 137
7683 243 225 197
7684 239 216 182
7685 228 192 141
7686 247 220 184
7687 231 199 162
7688 225 206 177
7689 211 187 159
7690 195 171 142
7691 226 201 162
7692 220 188 145
7693 204 171 130
7694 203 175 137
7695 192 160 126
7696 219 199 168
7697 204 179 143
7698 217 199 162
7699 190 160 115
7700 147 116 78
7701 174 111 90
7702 178 124 99
7703 172 106 76
7704 212 181 155
7705 154 112 90
7706 230 185 157
7707 199 126 91
7708 212 156 119
7709 181 116 75
7710 166 109 76
7711 229 208 190
7712 222 200 181
7713 203 178 155
7714 193 164 139
7715 171 135 112
7716 219 198 169
7717 211 178 145
7718 187 143 109
7719 217 197 176
7720 199 164 135
7721 236 209 179
7722 236 211 181
7723 221 198 172
7724 183 153 124
7725 172 137 108
7726 159 155 117
7727 186 180 149
7728 164 161 132
7729 132 128 96
7730 91 96 85
7731 167 151 120
7732 200 190 154
7733 178 165 124
7734 132 124 95
7735 109 101 72
7736 178 167 135
7737 144 133 110
7738 205 196 174
7739 166 157 134
7740 130 122 101
7741 169 173 157
7742 144 166 138
7743 135 134 122
7744 153 145 127
7745 101 94 82
7746 164 159 147
7747 190 193 164
7748 156 155 135
7749 81 85 76
7750 67 77 70
